0.000000000000000000e+00 0.000000000000000000e+00
4.020100502512562980e-11 7.869837465333279214e-02
8.040201005025125960e-11 1.473472054385033536e-01
1.206030150753769023e-10 1.967435865566636022e-01
1.608040201005025192e-10 2.193104701087380815e-01
2.010050251256281361e-10 2.097463649839725053e-01
2.412060301507538047e-10 1.654936248369187901e-01
2.814070351758794215e-10 8.698774135042033895e-02
3.216080402010050384e-10 -2.233266737015469905e-02
3.618090452261306553e-10 -1.562566018562936976e-01
4.020100502512562722e-10 -3.062545850809653136e-01
4.422110552763819407e-10 -4.621205211939020119e-01
4.824120603015076093e-10 -6.127514383804755216e-01
5.226130653266331745e-10 -7.470041108996403612e-01
5.628140703517588431e-10 -8.545614155118833599e-01
6.030150753768844082e-10 -9.267404163046910615e-01
6.432160804020100768e-10 -9.571786584965247258e-01
6.834170854271357454e-10 -9.423446346153322439e-01
7.236180904522613106e-10 -8.818321209318271681e-01
7.638190954773869791e-10 -7.784149891255670584e-01
8.040201005025125443e-10 -6.378578492017912271e-01
8.442211055276382129e-10 -4.684970008763799654e-01
8.844221105527638815e-10 -2.806241590324773938e-01
9.246231155778894466e-10 -8.572086048101407174e-02
9.648241206030152186e-10 1.043968595710501324e-01
1.005025125628140784e-09 2.784569302171728822e-01
1.045226130653266349e-09 4.265644813869719498e-01
1.085427135678391914e-09 5.409250821276372356e-01
1.125628140703517686e-09 6.164018860104779618e-01
1.165829145728643251e-09 6.508636677612589239e-01
1.206030150753768816e-09 6.452971861122299702e-01
1.246231155778894588e-09 6.036758367734296193e-01
1.286432160804020154e-09 5.325957088399341233e-01
1.326633165829145719e-09 4.407084217630263812e-01
1.366834170854271491e-09 3.379960619240753861e-01
1.407035175879397056e-09 2.349459043858610485e-01
1.447236180904522621e-09 1.416904245008537844e-01
1.487437185929648393e-09 6.718076155014990336e-02
1.527638190954773958e-09 1.845908447075031433e-02
1.567839195979899523e-09 8.744253065044882845e-05
1.608040201005025089e-09 1.377828169262224241e-02
1.648241206030150861e-09 5.825584735868685055e-02
1.688442211055276426e-09 1.293594331486251636e-01
1.728643216080401991e-09 2.203803113262824964e-01
1.768844221105527763e-09 3.226056993388062843e-01
1.809045226130653328e-09 4.260267339840019818e-01
1.849246231155778893e-09 5.201544301853353591e-01
1.889447236180904665e-09 5.948790188364302400e-01
1.929648241206030437e-09 6.413045641241915673e-01
1.969849246231155796e-09 6.524926312081140711e-01
2.010050251256281568e-09 6.240558640544487945e-01
2.050251256281406926e-09 5.545540838798239669e-01
2.090452261306532698e-09 4.456610074646634723e-01
2.130653266331658470e-09 3.020876937455567179e-01
2.170854271356783828e-09 1.312679403524635580e-01
2.211055276381909600e-09 -5.717043413625766402e-02
2.251256281407035372e-09 -2.521076435166882401e-01
2.291457286432160731e-09 -4.417528973950014537e-01
2.331658291457286503e-09 -6.145204724086443804e-01
2.371859296482412275e-09 -7.598927199327711879e-01
2.412060301507537633e-09 -8.692028220790193327e-01
2.452261306532663405e-09 -9.362763662891960825e-01
2.492462311557789177e-09 -9.578818511587130491e-01
2.532663316582914535e-09 -9.339551945404352962e-01
2.572864321608040307e-09 -8.675810137761880148e-01
2.613065326633166079e-09 -7.647324959035053382e-01
2.653266331658291438e-09 -6.337905756630516363e-01
2.693467336683417210e-09 -4.848804055790900680e-01
2.733668341708542982e-09 -3.290773783541460218e-01
2.773869346733668340e-09 -1.775451256529753941e-01
2.814070351758794112e-09 -4.067317090270163721e-02
2.854271356783919884e-09 7.271815486416144392e-02
2.894472361809045242e-09 1.560433090604404494e-01
2.934673366834171014e-09 2.054356948592529764e-01
2.974874371859296786e-09 2.200127844963154500e-01
3.015075376884422145e-09 2.019019190489708127e-01
3.055276381909547917e-09 1.560253888542104117e-01
3.095477386934673688e-09 8.966239300220953112e-02
3.135678391959799047e-09 1.182307613149176893e-02
3.175879396984924819e-09 -6.751533918098581721e-02
3.216080402010050177e-09 -1.382494322015701549e-01
3.256281407035175949e-09 -1.910005117521115792e-01
3.296482412060301721e-09 -2.179078354090049352e-01
3.336683417085427080e-09 -2.133009136959566898e-01
3.376884422110552852e-09 -1.741972267951830966e-01
3.417085427135678623e-09 -1.005854490414934133e-01
3.457286432160803982e-09 4.528805646877057459e-03
3.497487437185929754e-09 1.353189677562690874e-01
3.537688442211055526e-09 2.835603956131018122e-01
3.577889447236180884e-09 4.392474060836565330e-01
3.618090452261306656e-09 5.913563472257774567e-01
3.658291457286432428e-09 7.286950325044314614e-01
3.698492462311557787e-09 8.407719710084274878e-01
3.738693467336683558e-09 9.186171758047952940e-01
3.778894472361809330e-09 9.554900445049128166e-01
3.819095477386935102e-09 9.474185916930224494e-01
3.859296482412060874e-09 8.935274823614729467e-01
3.899497487437185819e-09 7.961288343023258385e-01
3.939698492462311591e-09 6.605683274023844698e-01
3.979899497487437363e-09 4.948383194468981006e-01
4.020100502512563135e-09 3.089879152117935290e-01
4.060301507537688907e-09 1.143758340271054108e-01
4.100502512562813852e-09 -7.717577899220513793e-02
4.140703517587939624e-09 -2.542607178825831427e-01
4.180904522613065396e-09 -4.067328145073459966e-01
4.221105527638191168e-09 -5.264491398650408271e-01
4.261306532663316940e-09 -6.078546401301115898e-01
4.301507537688442712e-09 -6.483630277859731006e-01
4.341708542713567657e-09 -6.485047788856536100e-01
4.381909547738693428e-09 -6.118313994180378801e-01
4.422110552763819200e-09 -5.445842765300202837e-01
4.462311557788944972e-09 -4.551549175408198811e-01
4.502512562814070744e-09 -3.533797473952245971e-01
4.542713567839196516e-09 -2.497255964434527409e-01
4.582914572864321461e-09 -1.544305463446745130e-01
4.623115577889447233e-09 -7.666824188010247509e-02
4.663316582914573005e-09 -2.380185095565997069e-02
4.703517587939698777e-09 -7.867167048223615202e-04
4.743718592964824549e-09 -9.768957183375661865e-03
4.783919597989950321e-09 -4.991175838092846984e-02
4.824120603015075266e-09 -1.174630966701894902e-01
4.864321608040201038e-09 -2.060595355794753170e-01
4.904522613065326810e-09 -3.072420722174471486e-01
4.944723618090452582e-09 -4.111432309339034807e-01
4.984924623115578354e-09 -5.072910371456058609e-01
5.025125628140704126e-09 -5.854662211547015938e-01
5.065326633165829070e-09 -6.365447318113661712e-01
5.105527638190954842e-09 -6.532587201331001570e-01
5.145728643216080614e-09 -6.308154996031614115e-01
5.185929648241206386e-09 -5.673251045274095850e-01
5.226130653266332158e-09 -4.640020770010572226e-01
5.266331658291457103e-09 -3.251248366722179761e-01
5.306532663316582875e-09 -1.577550318369648763e-01
5.346733668341708647e-09 2.876186235118442791e-02
5.386934673366834419e-09 2.234762266745261849e-01
5.427135678391960191e-09 4.146415983516312798e-01
5.467336683417085963e-09 5.905868657746036199e-01
5.507537688442210908e-09 7.405854967961906787e-01
5.547738693467336680e-09 8.556541302260367576e-01
5.587939698492462452e-09 9.292183637548352415e-01
5.628140703517588224e-09 9.575939561152020385e-01
5.668341708542713996e-09 9.402461108796673628e-01
5.708542713567839768e-09 8.798068881983140965e-01
5.748743718592964712e-09 7.818497329645293092e-01
5.788944723618090484e-09 6.544391244532025143e-01
5.829145728643216256e-09 5.074909487124250607e-01
5.869346733668342028e-09 3.519939880091391138e-01
5.909547738693467800e-09 1.991537490955301859e-01
5.949748743718593572e-09 5.952586362088586186e-02
5.989949748743718517e-09 -5.779298183525766186e-02
6.030150753768844289e-09 -1.458532474593138284e-01
6.070351758793970061e-09 -2.003661320747276708e-01
6.110552763819095833e-09 -2.200026327198887355e-01
6.150753768844221605e-09 -2.064551022102520950e-01
6.190954773869347377e-09 -1.642570866156324860e-01
6.231155778894472322e-09 -1.003762989935587935e-01
6.271356783919598094e-09 -2.361348147535531974e-02
6.311557788944723866e-09 5.614478363992460308e-02
6.351758793969849638e-09 1.287597366247810737e-01
6.391959798994975410e-09 1.846941816662711067e-01
6.432160804020100354e-09 2.158183285368870385e-01
6.472361809045226126e-09 2.161035328822441537e-01
6.512562814070351898e-09 1.821485723713638649e-01
6.552763819095477670e-09 1.134963016633026567e-01
6.592964824120603442e-09 1.271506226889248387e-02
6.633165829145729214e-09 -1.147622173283902591e-01
6.673366834170854159e-09 -2.610291712861497748e-01
6.713567839195979931e-09 -4.162971511634589450e-01
6.753768844221105703e-09 -5.696403283104636284e-01
6.793969849246231475e-09 -7.098364902192708659e-01
6.834170854271357247e-09 -8.262376584912491939e-01
6.874371859296483019e-09 -9.096022155396249476e-01
6.914572864321607964e-09 -9.528231581175711229e-01
6.954773869346733736e-09 -9.514951690751710656e-01
6.994974874371859508e-09 -9.042757807145138660e-01
7.035175879396985280e-09 -8.130120053468958830e-01
7.075376884422111052e-09 -6.826221658170210649e-01
7.115577889447236824e-09 -5.207418280665739863e-01
7.155778894472361768e-09 -3.371612125284519923e-01
7.195979899497487540e-09 -1.430977890984217182e-01
7.236180904522613312e-09 4.963934177082687110e-02
7.276381909547739084e-09 2.295282253307281695e-01
7.316582914572864856e-09 3.861875836790947814e-01
7.356783919597990628e-09 5.111387238916929032e-01
7.396984924623115573e-09 5.984166805351679441e-01
7.437185929648241345e-09 6.449833263496022040e-01
7.477386934673367117e-09 6.509107678674638242e-01
7.517587939698492889e-09 6.193214063435747985e-01
7.557788944723618661e-09 5.560901676807343819e-01
7.597989949748744433e-09 4.693330839250943742e-01
7.638190954773870205e-09 3.687231743800071238e-01
7.678391959798995977e-09 2.646881081383403167e-01
7.718592964824121749e-09 1.675533679391834618e-01
7.758793969849245866e-09 8.669885186624097517e-02
7.798994974874371638e-09 2.979571383414020974e-02
7.839195979899497410e-09 2.183846528743159203e-03
7.879396984924623182e-09 6.439255978867476291e-03
7.919597989949748954e-09 4.216554406120555376e-02
7.959798994974874726e-09 1.060259879650664594e-01
8.000000000000000498e-09 1.920136799598559929e-01
