0.000000000000000000e+00
7.869837465333279214e-02
1.473472054385033536e-01
1.967435865566636022e-01
2.193104701087380815e-01
2.097463649839725053e-01
1.654936248369187901e-01
8.698774135042033895e-02
-2.233266737015469905e-02
-1.562566018562936976e-01
-3.062545850809653136e-01
-4.621205211939020119e-01
-6.127514383804755216e-01
-7.470041108996403612e-01
-8.545614155118833599e-01
-9.267404163046910615e-01
-9.571786584965247258e-01
-9.423446346153322439e-01
-8.818321209318271681e-01
-7.784149891255670584e-01
-6.378578492017912271e-01
-4.684970008763799654e-01
-2.806241590324773938e-01
-8.572086048101407174e-02
1.043968595710501324e-01
2.784569302171728822e-01
4.265644813869719498e-01
5.409250821276372356e-01
6.164018860104779618e-01
6.508636677612589239e-01
6.452971861122299702e-01
6.036758367734296193e-01
5.325957088399341233e-01
4.407084217630263812e-01
3.379960619240753861e-01
2.349459043858610485e-01
1.416904245008537844e-01
6.718076155014990336e-02
1.845908447075031433e-02
8.744253065044882845e-05
1.377828169262224241e-02
5.825584735868685055e-02
1.293594331486251636e-01
2.203803113262824964e-01
3.226056993388062843e-01
4.260267339840019818e-01
5.201544301853353591e-01
5.948790188364302400e-01
6.413045641241915673e-01
6.524926312081140711e-01
6.240558640544487945e-01
5.545540838798239669e-01
4.456610074646634723e-01
3.020876937455567179e-01
1.312679403524635580e-01
-5.717043413625766402e-02
-2.521076435166882401e-01
-4.417528973950014537e-01
-6.145204724086443804e-01
-7.598927199327711879e-01
-8.692028220790193327e-01
-9.362763662891960825e-01
-9.578818511587130491e-01
-9.339551945404352962e-01
-8.675810137761880148e-01
-7.647324959035053382e-01
-6.337905756630516363e-01
-4.848804055790900680e-01
-3.290773783541460218e-01
-1.775451256529753941e-01
-4.067317090270163721e-02
7.271815486416144392e-02
1.560433090604404494e-01
2.054356948592529764e-01
2.200127844963154500e-01
2.019019190489708127e-01
1.560253888542104117e-01
8.966239300220953112e-02
1.182307613149176893e-02
-6.751533918098581721e-02
-1.382494322015701549e-01
-1.910005117521115792e-01
-2.179078354090049352e-01
-2.133009136959566898e-01
-1.741972267951830966e-01
-1.005854490414934133e-01
4.528805646877057459e-03
1.353189677562690874e-01
2.835603956131018122e-01
4.392474060836565330e-01
5.913563472257774567e-01
7.286950325044314614e-01
8.407719710084274878e-01
9.186171758047952940e-01
9.554900445049128166e-01
9.474185916930224494e-01
8.935274823614729467e-01
7.961288343023258385e-01
6.605683274023844698e-01
4.948383194468981006e-01
3.089879152117935290e-01
1.143758340271054108e-01
-7.717577899220513793e-02
-2.542607178825831427e-01
-4.067328145073459966e-01
-5.264491398650408271e-01
-6.078546401301115898e-01
-6.483630277859731006e-01
-6.485047788856536100e-01
-6.118313994180378801e-01
-5.445842765300202837e-01
-4.551549175408198811e-01
-3.533797473952245971e-01
-2.497255964434527409e-01
-1.544305463446745130e-01
-7.666824188010247509e-02
-2.380185095565997069e-02
-7.867167048223615202e-04
-9.768957183375661865e-03
-4.991175838092846984e-02
-1.174630966701894902e-01
-2.060595355794753170e-01
-3.072420722174471486e-01
-4.111432309339034807e-01
-5.072910371456058609e-01
-5.854662211547015938e-01
-6.365447318113661712e-01
-6.532587201331001570e-01
-6.308154996031614115e-01
-5.673251045274095850e-01
-4.640020770010572226e-01
-3.251248366722179761e-01
-1.577550318369648763e-01
2.876186235118442791e-02
2.234762266745261849e-01
4.146415983516312798e-01
5.905868657746036199e-01
7.405854967961906787e-01
8.556541302260367576e-01
9.292183637548352415e-01
9.575939561152020385e-01
9.402461108796673628e-01
8.798068881983140965e-01
7.818497329645293092e-01
6.544391244532025143e-01
5.074909487124250607e-01
3.519939880091391138e-01
1.991537490955301859e-01
5.952586362088586186e-02
-5.779298183525766186e-02
-1.458532474593138284e-01
-2.003661320747276708e-01
-2.200026327198887355e-01
-2.064551022102520950e-01
-1.642570866156324860e-01
-1.003762989935587935e-01
-2.361348147535531974e-02
5.614478363992460308e-02
1.287597366247810737e-01
1.846941816662711067e-01
2.158183285368870385e-01
2.161035328822441537e-01
1.821485723713638649e-01
1.134963016633026567e-01
1.271506226889248387e-02
-1.147622173283902591e-01
-2.610291712861497748e-01
-4.162971511634589450e-01
-5.696403283104636284e-01
-7.098364902192708659e-01
-8.262376584912491939e-01
-9.096022155396249476e-01
-9.528231581175711229e-01
-9.514951690751710656e-01
-9.042757807145138660e-01
-8.130120053468958830e-01
-6.826221658170210649e-01
-5.207418280665739863e-01
-3.371612125284519923e-01
-1.430977890984217182e-01
4.963934177082687110e-02
2.295282253307281695e-01
3.861875836790947814e-01
5.111387238916929032e-01
5.984166805351679441e-01
6.449833263496022040e-01
6.509107678674638242e-01
6.193214063435747985e-01
5.560901676807343819e-01
4.693330839250943742e-01
3.687231743800071238e-01
2.646881081383403167e-01
1.675533679391834618e-01
8.669885186624097517e-02
2.979571383414020974e-02
2.183846528743159203e-03
6.439255978867476291e-03
4.216554406120555376e-02
1.060259879650664594e-01
1.920136799598559929e-01
